eye_on_hand: false
robot_base_frame: base_link
tracking_base_frame: camera_link
transformation:
  qw: 0.31067886711589665
  qx: 0.5742999760633536
  qy: 0.23405645521576945
  qz: -0.7203303095060231
  x: 0.6696664308155913
  y: 0.6203435798302276
  z: 0.5412016889374449
