eye_on_hand: false
robot_base_frame: base_link
tracking_base_frame: camera_link
transformation:
  qw: 0.7057980094370674
  qx: -0.24952692220292214
  qy: 0.600388960234795
  qz: 0.2812802541928456
  x: -0.8080856012569466
  y: -0.8247923599130761
  z: 0.7292807732865318
