eye_on_hand: false
robot_base_frame: base_link
tracking_base_frame: camera_link
transformation:
  qw: 0.3135760394044175
  qx: 0.5787828087414263
  qy: 0.2201004177317644
  qz: -0.719886334035539
  x: 0.6727887393585302
  y: 0.6259631298589347
  z: 0.5513083794114777
