eye_on_hand: false
robot_base_frame: base_link
tracking_base_frame: camera_link
transformation:
  qw: 0.7034778966059334
  qx: -0.25408670891963164
  qy: 0.5983751555954143
  qz: 0.28723851848846066
  x: -0.8025989946954397
  y: -0.825261596734149
  z: 0.7294577198045807
