eye_on_hand: false
robot_base_frame: base_link
tracking_base_frame: camera_link
transformation:
  qw: 0.3112060342550219
  qx: 0.5752219583154681
  qy: 0.22999057692111105
  qz: -0.7206766524888081
  x: 0.6665190811323458
  y: 0.6202332091194298
  z: 0.552415371222659
