eye_on_hand: false
robot_base_frame: base_link
tracking_base_frame: camera_link
transformation:
  qw: 0.31224720915839316
  qx: 0.573486238376751
  qy: 0.22946506957944662
  qz: -0.7217762787790819
  x: 0.6687189969240699
  y: 0.6209957487837624
  z: 0.5519207850268457
