eye_on_hand: false
robot_base_frame: base_link
tracking_base_frame: camera_link
transformation:
  qw: 0.6885101218215299
  qx: -0.24713389260907467
  qy: 0.6147285238477908
  qz: 0.294936422371169
  x: -0.8083122638695324
  y: -0.7987437847054456
  z: 0.7273078250987584
