eye_on_hand: false
robot_base_frame: base_link
tracking_base_frame: camera_link
transformation:
  qw: 0.796737850152111
  qx: -0.185452733984998
  qy: 0.4683294704651463
  qz: 0.33389158223339166
  x: -1.0018023341493292
  y: -0.905822363085749
  z: 0.5893214299166455
