eye_on_hand: false
robot_base_frame: base_link
tracking_base_frame: camera_link
transformation:
  qw: 0.6769188373099035
  qx: -0.24209542418531826
  qy: 0.6288362239859643
  qz: 0.2962021213405017
  x: -0.8321859114684759
  y: -0.7389440525007055
  z: 0.7003041095163252
