eye_on_hand: false
robot_base_frame: base_link
tracking_base_frame: camera_link
transformation:
  qw: 0.7914405238433887
  qx: -0.19011949420656823
  qy: 0.4777144213337275
  qz: 0.3305531829992309
  x: -1.009046258441532
  y: -0.9007337429849247
  z: 0.5889618123594558
