eye_on_hand: false
robot_base_frame: base_link
tracking_base_frame: camera_link
transformation:
  qw: 0.7947541247953497
  qx: -0.19491660766518115
  qy: 0.47505163479848017
  qz: 0.3235727761298329
  x: -1.014532862321106
  y: -0.8974677716632709
  z: 0.5902858951443879
