init_live_pos:  [-2.0818731710312974, -1.8206561665659304, -1.590893522490271,
                    -0.5344753089586067, 1.377946515231355, 0.19641783200394514]

init_sim_pos:  [0.508063793182373, -1.2333410543254395, 1.8473342100726526, 
                   -0.37647326410327153, 1.3200550079345703, -0.05201179185976201]

out_of_camera_pos : [0.036165714263916016, -2.1434017620482386, 2.26279861131777, 
                     0.18486802160229487, 0.8645825386047363, -0.19302159944643194]

vert_pick_pos: [0.5294919013977051, -0.9642833036235352, 1.6197188536273401,
                     0.8829738336750488, 1.5899171829223633, 1.3125801086425781]

init_calibration_pos : [0.48477649688720703, -1.3055685323527833, 1.9480574766742151, -0.40346796930346684, 1.2974562644958496, -0.057669941579000294]

place_pos : [-0.5474923292743128, -1.532182053928711, 2.292846981679098, 0.8623735147663574, 1.5738811492919922, -1.5194619337665003]

