eye_on_hand: false
robot_base_frame: base_link
tracking_base_frame: camera_link
transformation:
  qw: 0.7007014296927924
  qx: -0.24592663125632927
  qy: 0.6042251305667675
  qz: 0.2888764269665542
  x: -0.8095649694356952
  y: -0.8212625841467369
  z: 0.7252774242119217
