D = [0.13666550133403688, -0.29099962660934386, 0.005031321756310145, 0.005848220583515506, 0.0]
K = [506.3391359580085, 0.0, 318.7540738623716, 0.0, 505.2218651087737, 249.22264899482653, 0.0, 0.0, 1.0]
R = [1.0, 0.0, 0.0, 0.0, 1.0, 0.0, 0.0, 0.0, 1.0]
P = [510.74395751953125, 0.0, 322.4576093780488, 0.0, 0.0, 514.2428588867188, 251.15552892875712, 0.0, 0.0, 0.0, 1.0, 0.0]
None
# oST version 5.0 parameters


[image]

width
640

height
480

[narrow_stereo]

camera matrix
506.339136 0.000000 318.754074
0.000000 505.221865 249.222649
0.000000 0.000000 1.000000

distortion
0.136666 -0.291000 0.005031 0.005848 0.000000

rectification
1.000000 0.000000 0.000000
0.000000 1.000000 0.000000
0.000000 0.000000 1.000000

projection
510.743958 0.000000 322.457609 0.000000
0.000000 514.242859 251.155529 0.000000
0.000000 0.000000 1.000000 0.000000
