image_width: 640
image_height: 480
camera_name: rgb_A00366A05401108A
camera_matrix:
  rows: 3
  cols: 3
  data: [506.3391359580085, 0, 318.7540738623716, 0, 505.2218651087737, 249.2226489948265, 0, 0, 1]
distortion_model: plumb_bob
distortion_coefficients:
  rows: 1
  cols: 5
  data: [0.1366655013340369, -0.2909996266093439, 0.005031321756310145, 0.005848220583515506, 0]
rectification_matrix:
  rows: 3
  cols: 3
  data: [1, 0, 0, 0, 1, 0, 0, 0, 1]
projection_matrix:
  rows: 3
  cols: 4
  data: [510.7439575195312, 0, 322.4576093780488, 0, 0, 514.2428588867188, 251.1555289287571, 0, 0, 0, 1, 0]